fare_id,price,currency_type,payment_method,transfers,agency_id
1,1.30,EUR,0,0,71
2,0.80,EUR,0,0,71
3,1.80,EUR,0,0,71
4,1.90,EUR,0,0,71
5,0.70,EUR,0,0,71
6,2.30,EUR,0,0,71
7,1.60,EUR,0,0,71
8,2.10,EUR,0,0,71
9,2.00,EUR,0,0,71
10,1.10,EUR,0,0,71
11,1.20,EUR,0,0,71
12,1.00,EUR,0,0,71
13,1.40,EUR,0,0,71
14,0.90,EUR,0,0,71
15,2.40,EUR,0,0,71
16,0.50,EUR,0,0,71
17,1.70,EUR,0,0,71
18,0.60,EUR,0,0,71
19,1.50,EUR,0,0,71
20,2.20,EUR,0,0,71
21,1.55,EUR,0,0,100047
22,2.65,EUR,0,0,100047
23,0.85,EUR,0,0,100047
24,1.95,EUR,0,0,100047
25,0.65,EUR,0,0,100047
26,2.20,EUR,0,0,100047
27,2.00,EUR,0,0,100047
28,2.15,EUR,0,0,100047
29,1.90,EUR,0,0,100047
30,1.75,EUR,0,0,100047
31,0.90,EUR,0,0,100047
32,1.00,EUR,0,0,100047
33,3.00,EUR,0,0,100047
34,1.25,EUR,0,0,100047
35,2.80,EUR,0,0,100047
36,2.85,EUR,0,0,100047
37,1.10,EUR,0,0,100047
38,2.60,EUR,0,0,100047
39,2.50,EUR,0,0,100047
40,1.20,EUR,0,0,100047
41,2.35,EUR,0,0,100047
42,0.70,EUR,0,0,100047
43,1.15,EUR,0,0,100047
44,0.75,EUR,0,0,100047
45,2.10,EUR,0,0,100047
46,1.05,EUR,0,0,100047
47,2.75,EUR,0,0,100047
48,1.50,EUR,0,0,100047
49,1.45,EUR,0,0,100047
50,0.80,EUR,0,0,100047
51,1.60,EUR,0,0,100047
52,1.85,EUR,0,0,100047
53,1.65,EUR,0,0,100047
54,2.55,EUR,0,0,100047
55,1.30,EUR,0,0,100047
56,2.30,EUR,0,0,100047
57,2.90,EUR,0,0,100047
58,0.95,EUR,0,0,100047
59,1.40,EUR,0,0,100047
60,2.95,EUR,0,0,100047
61,2.25,EUR,0,0,100047
62,1.70,EUR,0,0,100047
63,2.05,EUR,0,0,100047
64,2.40,EUR,0,0,100047
65,1.80,EUR,0,0,100047
66,1.35,EUR,0,0,100047
67,2.45,EUR,0,0,100047
68,1.35,EUR,0,0,60
69,0.60,EUR,0,0,60
70,0.65,EUR,0,0,60
71,1.00,EUR,0,0,60
72,1.05,EUR,0,0,60
73,0.90,EUR,0,0,60
74,2.00,EUR,0,0,60
75,1.25,EUR,0,0,60
76,1.15,EUR,0,0,60
77,1.65,EUR,0,0,60
78,1.20,EUR,0,0,60
79,1.40,EUR,0,0,60
80,1.10,EUR,0,0,60
81,1.80,EUR,0,0,60
82,1.45,EUR,0,0,60
83,2.05,EUR,0,0,60
84,1.30,EUR,0,0,60
85,0.80,EUR,0,0,60
86,1.90,EUR,0,0,60
87,2.25,EUR,0,0,60
88,0.95,EUR,0,0,60
89,0.75,EUR,0,0,60
90,2.30,EUR,0,0,60
91,1.60,EUR,0,0,60
92,0.85,EUR,0,0,60
93,0.70,EUR,0,0,60
94,2.40,EUR,0,0,60
95,1.55,EUR,0,0,60
96,1.75,EUR,0,0,60
97,1.50,EUR,0,0,60
98,2.15,EUR,0,0,60
99,2.35,EUR,0,0,60
100,1.95,EUR,0,0,60
101,1.70,EUR,0,0,60
102,1.85,EUR,0,0,60
103,2.10,EUR,0,0,60
104,2.45,EUR,0,0,60
105,2.55,EUR,0,0,60
106,2.20,EUR,0,0,60
107,0.80,EUR,0,0,100046
108,1.05,EUR,0,0,100046
109,1.30,EUR,0,0,100046
110,0.90,EUR,0,0,100046
111,1.55,EUR,0,0,100046
112,1.00,EUR,0,0,100046
113,1.15,EUR,0,0,100046
114,1.35,EUR,0,0,100046
115,1.25,EUR,0,0,100046
116,1.40,EUR,0,0,100046
117,1.20,EUR,0,0,100046
118,0.85,EUR,0,0,100046
119,1.45,EUR,0,0,100046
120,1.05,EUR,0,0,71
121,1.35,EUR,0,0,71
122,0.75,EUR,0,0,71
123,0.85,EUR,0,0,71
124,0.95,EUR,0,0,71
125,1.15,EUR,0,0,71
126,1.25,EUR,0,0,71
127,1.45,EUR,0,0,71
128,0.90,EUR,0,0,99
129,0.50,EUR,0,0,317
130,1.30,EUR,0,0,317
131,0.70,EUR,0,0,317
132,1.50,EUR,0,0,317
133,0.90,EUR,0,0,317
134,0.80,EUR,0,0,317
135,1.00,EUR,0,0,317
136,2.30,EUR,0,0,317
137,1.10,EUR,0,0,317
138,1.20,EUR,0,0,317
139,1.70,EUR,0,0,317
140,1.40,EUR,0,0,317
141,1.90,EUR,0,0,317
142,0.60,EUR,0,0,317
143,1.80,EUR,0,0,317
144,2.10,EUR,0,0,317
145,2.20,EUR,0,0,317
146,1.60,EUR,0,0,317
147,2.00,EUR,0,0,317
148,0.60,EUR,0,0,219
149,0.95,EUR,0,0,219
150,1.10,EUR,0,0,219
151,1.05,EUR,0,0,219
152,0.85,EUR,0,0,219
153,1.60,EUR,0,0,219
154,2.10,EUR,0,0,219
155,2.70,EUR,0,0,219
156,1.65,EUR,0,0,219
157,1.20,EUR,0,0,219
158,1.75,EUR,0,0,219
159,2.80,EUR,0,0,219
160,1.00,EUR,0,0,219
161,0.70,EUR,0,0,219
162,1.40,EUR,0,0,219
163,0.90,EUR,0,0,219
164,0.75,EUR,0,0,219
165,1.30,EUR,0,0,219
166,1.45,EUR,0,0,219
167,1.25,EUR,0,0,219
168,2.25,EUR,0,0,219
169,2.30,EUR,0,0,219
170,0.65,EUR,0,0,219
171,2.05,EUR,0,0,219
172,1.55,EUR,0,0,219
173,0.80,EUR,0,0,219
174,1.50,EUR,0,0,219
175,2.40,EUR,0,0,219
176,1.35,EUR,0,0,219
177,2.50,EUR,0,0,219
178,1.15,EUR,0,0,219
179,2.60,EUR,0,0,219
180,1.95,EUR,0,0,219
181,2.55,EUR,0,0,219
182,1.80,EUR,0,0,219
183,2.85,EUR,0,0,219
184,1.60,EUR,0,0,100046
185,2.30,EUR,0,0,100046
186,3.00,EUR,0,0,100046
187,2.65,EUR,0,0,60
188,1.50,EUR,0,0,273
189,2.50,EUR,0,0,60
190,0.65,EUR,0,0,71
191,0.40,EUR,0,0,25
192,0.85,EUR,0,0,25
193,0.35,EUR,0,0,25
194,2.05,EUR,0,0,25
195,1.00,EUR,0,0,25
196,0.75,EUR,0,0,25
197,0.80,EUR,0,0,25
198,0.55,EUR,0,0,25
199,0.45,EUR,0,0,25
200,1.05,EUR,0,0,25
201,1.45,EUR,0,0,25
202,1.20,EUR,0,0,25
203,0.50,EUR,0,0,25
204,1.40,EUR,0,0,25
205,0.60,EUR,0,0,25
206,1.50,EUR,0,0,25
207,1.85,EUR,0,0,25
208,1.90,EUR,0,0,25
209,1.70,EUR,0,0,25
210,1.75,EUR,0,0,25
211,1.10,EUR,0,0,25
212,0.70,EUR,0,0,25
213,1.60,EUR,0,0,25
214,1.55,EUR,0,0,25
215,0.90,EUR,0,0,25
216,0.65,EUR,0,0,25
217,1.15,EUR,0,0,25
218,1.25,EUR,0,0,25
219,1.35,EUR,0,0,25
220,0.95,EUR,0,0,25
221,1.80,EUR,0,0,25
222,1.65,EUR,0,0,25
223,2.30,EUR,0,0,25
224,2.00,EUR,0,0,25
225,2.20,EUR,0,0,25
226,2.15,EUR,0,0,25
227,1.30,EUR,0,0,25
228,1.95,EUR,0,0,25
229,0.95,EUR,0,0,100046
230,1.10,EUR,0,0,100046
231,1.90,EUR,0,0,100046
232,2.80,EUR,0,0,100046
233,1.50,EUR,0,0,100046
234,2.45,EUR,0,0,100046
235,1.85,EUR,0,0,100046
236,1.65,EUR,0,0,100046
237,1.95,EUR,0,0,100046
238,2.35,EUR,0,0,100046
239,1.80,EUR,0,0,100046
240,1.70,EUR,0,0,100046
241,2.65,EUR,0,0,100046
242,2.25,EUR,0,0,100046
243,2.05,EUR,0,0,100046
244,2.00,EUR,0,0,100046
245,2.15,EUR,0,0,100046
246,2.20,EUR,0,0,100046
247,2.70,EUR,0,0,100046
248,2.50,EUR,0,0,100046
249,2.10,EUR,0,0,100046
250,2.60,EUR,0,0,100046
251,1.75,EUR,0,0,100046
252,2.85,EUR,0,0,100046
253,2.95,EUR,0,0,100046
254,2.75,EUR,0,0,100046
255,2.90,EUR,0,0,100046
256,2.55,EUR,0,0,100046
257,2.40,EUR,0,0,100046
258,0.60,EUR,0,0,586
259,0.65,EUR,0,0,586
260,0.80,EUR,0,0,586
261,1.65,EUR,0,0,586
262,0.90,EUR,0,0,586
263,1.35,EUR,0,0,586
264,1.45,EUR,0,0,586
265,1.30,EUR,0,0,586
266,1.00,EUR,0,0,586
267,1.25,EUR,0,0,586
268,0.85,EUR,0,0,586
269,1.80,EUR,0,0,586
270,0.75,EUR,0,0,586
271,2.10,EUR,0,0,586
272,1.55,EUR,0,0,586
273,1.15,EUR,0,0,586
274,1.85,EUR,0,0,586
275,1.90,EUR,0,0,586
276,1.75,EUR,0,0,586
277,1.05,EUR,0,0,586
278,1.10,EUR,0,0,586
279,1.60,EUR,0,0,586
280,1.70,EUR,0,0,586
281,2.70,EUR,0,0,60
282,2.60,EUR,0,0,60
283,2.95,EUR,0,0,60
284,2.80,EUR,0,0,60
285,3.00,EUR,0,0,60
286,2.90,EUR,0,0,60
287,2.75,EUR,0,0,60
288,2.85,EUR,0,0,60
289,2.70,EUR,0,0,100047
290,0.55,EUR,0,0,60
291,3.35,EUR,0,0,60
292,4.40,EUR,0,0,60
293,3.05,EUR,0,0,60
294,4.15,EUR,0,0,60
295,3.30,EUR,0,0,60
296,4.10,EUR,0,0,60
297,3.25,EUR,0,0,60
298,3.10,EUR,0,0,60
299,3.60,EUR,0,0,60
300,3.15,EUR,0,0,60
301,3.50,EUR,0,0,60
302,3.20,EUR,0,0,60
303,3.55,EUR,0,0,60
304,3.45,EUR,0,0,60
305,3.95,EUR,0,0,60
306,3.80,EUR,0,0,60
307,3.90,EUR,0,0,60
308,3.40,EUR,0,0,60
309,3.75,EUR,0,0,60
310,3.85,EUR,0,0,60
311,3.65,EUR,0,0,60
312,4.00,EUR,0,0,60
313,3.70,EUR,0,0,60
314,4.05,EUR,0,0,60
315,4.35,EUR,0,0,60
316,4.20,EUR,0,0,60
317,1.55,EUR,0,0,71
318,1.95,EUR,0,0,71
319,1.85,EUR,0,0,71
320,2.05,EUR,0,0,71
321,1.75,EUR,0,0,71
322,1.65,EUR,0,0,71
323,1.60,EUR,0,0,99
324,0.65,EUR,0,0,317
325,0.75,EUR,0,0,317
326,0.55,EUR,0,0,317
327,0.45,EUR,0,0,317
328,0.35,EUR,0,0,317
329,1.15,EUR,0,0,317
330,0.95,EUR,0,0,317
331,0.85,EUR,0,0,317
332,0.40,EUR,0,0,317
333,1.35,EUR,0,0,317
334,1.05,EUR,0,0,317
335,2.30,EUR,0,0,99
336,99.90,EUR,0,0,60
337,2.25,EUR,0,0,71
338,2.70,EUR,0,0,71
339,2.60,EUR,0,0,71
340,2.50,EUR,0,0,71
341,2.80,EUR,0,0,71
342,2.90,EUR,0,0,71
343,3.00,EUR,0,0,71
344,3.40,EUR,0,0,71
345,3.10,EUR,0,0,71
346,3.50,EUR,0,0,71
347,3.20,EUR,0,0,71
348,3.30,EUR,0,0,71
349,3.60,EUR,0,0,71
350,1.11,EUR,0,0,25
351,2.10,EUR,0,0,25
352,2.25,EUR,0,0,25
353,3.00,EUR,0,0,99
354,2.15,EUR,0,0,219
355,2.45,EUR,0,0,219
356,2.65,EUR,0,0,219
357,1.90,EUR,0,0,219
358,2.35,EUR,0,0,219
359,1.45,EUR,0,0,317
360,1.95,EUR,0,0,317
361,1.25,EUR,0,0,317
362,1.55,EUR,0,0,317
363,1.85,EUR,0,0,317
364,1.65,EUR,0,0,317
365,5.75,EUR,0,0,71
366,4.15,EUR,0,0,71
367,3.85,EUR,0,0,71
368,5.10,EUR,0,0,71
369,6.05,EUR,0,0,71
370,5.45,EUR,0,0,71
371,4.45,EUR,0,0,71
372,7.05,EUR,0,0,71
373,8.30,EUR,0,0,71
374,8.00,EUR,0,0,71
375,9.25,EUR,0,0,71
376,4.80,EUR,0,0,71
377,8.65,EUR,0,0,71
378,8.95,EUR,0,0,71
379,6.40,EUR,0,0,71
380,2.55,EUR,0,0,71
381,7.35,EUR,0,0,71
382,6.70,EUR,0,0,71
383,9.60,EUR,0,0,71
384,9.90,EUR,0,0,71
385,7.65,EUR,0,0,71
386,3.35,EUR,0,0,317
387,3.95,EUR,0,0,317
388,2.50,EUR,0,0,317
389,2.45,EUR,0,0,317
390,2.90,EUR,0,0,317
391,1.75,EUR,0,0,317
392,3.60,EUR,0,0,317
393,3.50,EUR,0,0,317
394,3.05,EUR,0,0,317
395,2.40,EUR,0,0,317
396,4.85,EUR,0,0,317
397,2.35,EUR,0,0,317
398,2.55,EUR,0,0,317
399,5.35,EUR,0,0,317
400,4.90,EUR,0,0,317
401,4.70,EUR,0,0,317
402,3.90,EUR,0,0,317
403,5.30,EUR,0,0,317
404,2.95,EUR,0,0,317
405,2.25,EUR,0,0,317
406,3.80,EUR,0,0,317
407,3.85,EUR,0,0,317
408,2.80,EUR,0,0,317
409,3.30,EUR,0,0,317
410,5.70,EUR,0,0,317
411,3.00,EUR,0,0,317
412,4.10,EUR,0,0,317
413,2.65,EUR,0,0,317
414,4.30,EUR,0,0,317
415,3.40,EUR,0,0,317
416,2.85,EUR,0,0,317
417,3.45,EUR,0,0,317
418,2.60,EUR,0,0,317
419,5.15,EUR,0,0,317
420,2.70,EUR,0,0,317
421,5.05,EUR,0,0,317
422,3.75,EUR,0,0,317
423,3.20,EUR,0,0,317
424,4.05,EUR,0,0,317
425,4.50,EUR,0,0,317
426,2.75,EUR,0,0,317
427,3.15,EUR,0,0,317
428,4.20,EUR,0,0,317
429,5.10,EUR,0,0,317
430,3.10,EUR,0,0,317
431,4.65,EUR,0,0,317
432,2.05,EUR,0,0,317
433,2.15,EUR,0,0,317
434,4.80,EUR,0,0,317
435,5.55,EUR,0,0,317
436,4.25,EUR,0,0,317
437,4.40,EUR,0,0,317
438,3.25,EUR,0,0,317
439,3.70,EUR,0,0,317
440,4.75,EUR,0,0,317
441,5.25,EUR,0,0,317
442,4.00,EUR,0,0,317
443,4.95,EUR,0,0,317
444,5.40,EUR,0,0,317
445,4.45,EUR,0,0,317
446,4.35,EUR,0,0,317
447,3.55,EUR,0,0,317
448,4.15,EUR,0,0,317
449,3.65,EUR,0,0,317
450,5.00,EUR,0,0,317
451,4.55,EUR,0,0,317
452,4.60,EUR,0,0,317
453,0.00,EUR,0,0,317
454,5.45,EUR,0,0,317
455,2.80,EUR,0,0,25
456,3.25,EUR,0,0,25
457,2.50,EUR,0,0,25
458,2.95,EUR,0,0,25
459,2.35,EUR,0,0,25
460,2.65,EUR,0,0,25
461,3.15,EUR,0,0,25
462,2.45,EUR,0,0,25
463,3.40,EUR,0,0,25
464,2.60,EUR,0,0,25
465,2.90,EUR,0,0,25
466,2.70,EUR,0,0,25
467,2.75,EUR,0,0,25
468,3.10,EUR,0,0,25
469,2.40,EUR,0,0,25
470,2.55,EUR,0,0,25
471,3.50,EUR,0,0,25
472,3.30,EUR,0,0,25
473,3.05,EUR,0,0,25
474,3.00,EUR,0,0,25
475,3.20,EUR,0,0,25
476,2.85,EUR,0,0,25
477,1.90,EUR,0,0,82
478,2.50,EUR,0,0,82
479,2.40,EUR,0,0,82
480,1.20,EUR,0,0,82
481,2.00,EUR,0,0,82
482,4.00,EUR,0,0,82
483,3.20,EUR,0,0,82
484,3.10,EUR,0,0,82
485,4.30,EUR,0,0,82
486,4.90,EUR,0,0,82
487,1.70,EUR,0,0,82
488,5.50,EUR,0,0,82
489,1.30,EUR,0,0,82
490,3.00,EUR,0,0,82
491,0.90,EUR,0,0,82
492,3.70,EUR,0,0,82
493,4.10,EUR,0,0,82
494,3.60,EUR,0,0,82
495,0.90,EUR,0,0,117
496,1.60,EUR,0,0,117
497,1.60,EUR,0,0,295
498,3.00,EUR,0,0,295
499,0.90,EUR,0,0,295
500,2.30,EUR,0,0,295
501,4.25,EUR,0,0,60
502,4.30,EUR,0,0,60
503,4.50,EUR,0,0,60
504,3.70,EUR,0,0,100046
505,5.10,EUR,0,0,100046
506,4.40,EUR,0,0,100046
507,3.80,EUR,0,0,82
508,5.60,EUR,0,0,82
509,5.70,EUR,0,0,82
510,2.90,EUR,0,0,82
511,1.40,EUR,0,0,82
512,2.70,EUR,0,0,82
513,4.50,EUR,0,0,82
514,7.40,EUR,0,0,82
515,4.20,EUR,0,0,82
516,6.70,EUR,0,0,82
517,5.00,EUR,0,0,82
518,6.20,EUR,0,0,82
519,2.20,EUR,0,0,82
520,7.80,EUR,0,0,82
521,2.80,EUR,0,0,82
522,5.40,EUR,0,0,82
523,10.40,EUR,0,0,82
524,1.00,EUR,0,0,82
525,7.70,EUR,0,0,82
526,6.80,EUR,0,0,82
527,3.30,EUR,0,0,82
528,9.30,EUR,0,0,82
529,5.20,EUR,0,0,82
530,2.10,EUR,0,0,82
531,8.60,EUR,0,0,82
532,9.70,EUR,0,0,82
533,4.70,EUR,0,0,82
534,1.60,EUR,0,0,82
535,1.10,EUR,0,0,82
536,4.40,EUR,0,0,82
537,4.80,EUR,0,0,82
538,5.90,EUR,0,0,82
539,5.80,EUR,0,0,82
540,1.80,EUR,0,0,82
541,3.40,EUR,0,0,82
542,3.50,EUR,0,0,82
543,11.40,EUR,0,0,82
544,9.10,EUR,0,0,82
545,5.10,EUR,0,0,82
546,6.10,EUR,0,0,82
547,8.50,EUR,0,0,82
548,8.00,EUR,0,0,82
549,6.40,EUR,0,0,82
550,2.60,EUR,0,0,82
551,1.10,EUR,0,0,74
552,1.40,EUR,0,0,74
553,2.40,EUR,0,0,74
554,0.50,EUR,0,0,74
555,1.70,EUR,0,0,74
556,0.60,EUR,0,0,74
557,0.80,EUR,0,0,74
558,0.70,EUR,0,0,74
559,1.90,EUR,0,0,74
560,2.20,EUR,0,0,74
561,1.00,EUR,0,0,74
562,1.30,EUR,0,0,74
563,1.60,EUR,0,0,74
564,1.80,EUR,0,0,74
565,1.20,EUR,0,0,74
566,1.50,EUR,0,0,74
567,2.00,EUR,0,0,74
568,2.30,EUR,0,0,74
569,2.10,EUR,0,0,74
570,0.90,EUR,0,0,74
571,0.30,EUR,0,0,317
572,2.15,EUR,0,0,71
573,2.75,EUR,0,0,71
574,2.35,EUR,0,0,71
575,2.45,EUR,0,0,71
576,2.65,EUR,0,0,71
577,2.95,EUR,0,0,71
578,2.85,EUR,0,0,71
579,1.70,EUR,0,0,219
580,4.65,EUR,0,0,60
581,4.60,EUR,0,0,60
582,5.05,EUR,0,0,60
583,5.15,EUR,0,0,60
584,4.45,EUR,0,0,60
585,5.25,EUR,0,0,60
586,4.55,EUR,0,0,60
587,5.65,EUR,0,0,60
588,4.75,EUR,0,0,60
589,5.00,EUR,0,0,60
590,4.85,EUR,0,0,60
591,5.45,EUR,0,0,60
592,4.90,EUR,0,0,60
593,5.60,EUR,0,0,60
594,5.20,EUR,0,0,60
595,5.10,EUR,0,0,60
596,4.70,EUR,0,0,60
597,5.50,EUR,0,0,60
598,5.35,EUR,0,0,60
599,5.85,EUR,0,0,60
600,5.90,EUR,0,0,60
601,4.80,EUR,0,0,60
602,5.75,EUR,0,0,60
603,5.30,EUR,0,0,60
604,4.95,EUR,0,0,60
605,5.55,EUR,0,0,60
606,5.40,EUR,0,0,60
607,5.70,EUR,0,0,60
608,5.80,EUR,0,0,60
609,5.95,EUR,0,0,60
610,6.25,EUR,0,0,60
611,9.00,EUR,0,0,60
612,6.35,EUR,0,0,60
613,8.60,EUR,0,0,60
614,6.60,EUR,0,0,60
615,8.30,EUR,0,0,60
616,6.55,EUR,0,0,60
617,6.00,EUR,0,0,60
618,6.90,EUR,0,0,60
619,6.85,EUR,0,0,60
620,7.75,EUR,0,0,60
621,7.65,EUR,0,0,60
622,8.65,EUR,0,0,60
623,6.50,EUR,0,0,60
624,8.15,EUR,0,0,60
625,6.05,EUR,0,0,60
626,7.40,EUR,0,0,60
627,6.15,EUR,0,0,60
628,7.95,EUR,0,0,60
629,6.95,EUR,0,0,60
630,8.40,EUR,0,0,60
631,7.80,EUR,0,0,60
632,8.95,EUR,0,0,60
633,7.20,EUR,0,0,60
634,7.35,EUR,0,0,60
635,6.45,EUR,0,0,60
636,6.10,EUR,0,0,60
637,7.70,EUR,0,0,60
638,8.20,EUR,0,0,60
639,6.40,EUR,0,0,60
640,7.45,EUR,0,0,60
641,6.70,EUR,0,0,60
642,7.90,EUR,0,0,60
643,7.60,EUR,0,0,60
644,8.55,EUR,0,0,60
645,8.25,EUR,0,0,60
646,6.20,EUR,0,0,60
647,6.65,EUR,0,0,60
648,8.10,EUR,0,0,60
649,7.00,EUR,0,0,60
650,7.05,EUR,0,0,60
651,8.05,EUR,0,0,60
652,6.80,EUR,0,0,60
653,6.75,EUR,0,0,60
654,7.25,EUR,0,0,60
655,7.55,EUR,0,0,60
656,8.70,EUR,0,0,60
657,6.30,EUR,0,0,60
658,9.10,EUR,0,0,60
659,7.15,EUR,0,0,60
660,8.45,EUR,0,0,60
661,9.20,EUR,0,0,60
662,7.30,EUR,0,0,60
663,8.00,EUR,0,0,60
664,8.75,EUR,0,0,60
665,7.50,EUR,0,0,60
666,8.35,EUR,0,0,60
667,7.85,EUR,0,0,60
668,8.90,EUR,0,0,60
669,8.85,EUR,0,0,60
670,8.80,EUR,0,0,60
671,9.35,EUR,0,0,60
672,7.10,EUR,0,0,60
673,9.05,EUR,0,0,60
674,8.50,EUR,0,0,60
675,9.15,EUR,0,0,60
676,9.30,EUR,0,0,60
677,9.40,EUR,0,0,60
678,11.50,EUR,0,0,82
679,10.20,EUR,0,0,82
680,7.30,EUR,0,0,82
681,6.50,EUR,0,0,82
682,3.90,EUR,0,0,82
683,8.40,EUR,0,0,82
684,1.85,EUR,0,0,219
685,2.00,EUR,0,0,219
686,42.65,EUR,0,0,60
687,0.60,EUR,0,0,100047
688,0.50,EUR,0,0,100047
689,0.83,EUR,0,0,100047
690,0.96,EUR,0,0,100047
691,0.67,EUR,0,0,100047
692,0.30,EUR,0,0,25
693,1.00,EUR,0,0,289
694,3.10,EUR,0,0,289
695,1.80,EUR,0,0,289
696,1.10,EUR,0,0,289
697,2.80,EUR,0,0,289
698,1.90,EUR,0,0,289
699,4.30,EUR,0,0,289
700,2.20,EUR,0,0,289
701,3.40,EUR,0,0,289
702,2.10,EUR,0,0,289
703,1.40,EUR,0,0,289
704,1.60,EUR,0,0,289
705,2.30,EUR,0,0,289
706,1.70,EUR,0,0,289
707,2.60,EUR,0,0,289
708,1.30,EUR,0,0,289
709,2.50,EUR,0,0,289
710,3.70,EUR,0,0,289
711,1.50,EUR,0,0,289
712,4.00,EUR,0,0,289
713,3.80,EUR,0,0,289
714,3.50,EUR,0,0,289
715,3.20,EUR,0,0,289
716,2.00,EUR,0,0,289
717,1.20,EUR,0,0,289
718,2.90,EUR,0,0,289
719,4.10,EUR,0,0,289
720,8.70,EUR,0,0,71
721,7.20,EUR,0,0,71
722,7.60,EUR,0,0,71
723,5.50,EUR,0,0,71
724,6.00,EUR,0,0,71
725,8.40,EUR,0,0,71
726,9.20,EUR,0,0,71
727,5.80,EUR,0,0,71
728,5.70,EUR,0,0,71
729,5.60,EUR,0,0,71
730,4.90,EUR,0,0,71
731,9.40,EUR,0,0,71
732,4.20,EUR,0,0,71
733,8.80,EUR,0,0,71
734,7.10,EUR,0,0,71
735,9.00,EUR,0,0,71
736,8.20,EUR,0,0,71
737,6.20,EUR,0,0,71
738,5.40,EUR,0,0,71
739,5.00,EUR,0,0,71
740,4.30,EUR,0,0,71
741,6.50,EUR,0,0,71
742,7.90,EUR,0,0,71
743,6.30,EUR,0,0,71
744,4.60,EUR,0,0,71
745,6.60,EUR,0,0,71
746,7.50,EUR,0,0,71
747,3.90,EUR,0,0,71
748,8.60,EUR,0,0,71
749,3.70,EUR,0,0,71
750,3.80,EUR,0,0,71
751,4.10,EUR,0,0,71
752,5.20,EUR,0,0,71
753,5.90,EUR,0,0,71
754,4.50,EUR,0,0,71
755,4.00,EUR,0,0,71
756,7.80,EUR,0,0,71
757,9.80,EUR,0,0,71
758,7.30,EUR,0,0,71
759,6.80,EUR,0,0,71
760,7.00,EUR,0,0,71
761,7.40,EUR,0,0,71
762,4.40,EUR,0,0,71
763,8.50,EUR,0,0,71
764,9.50,EUR,0,0,71
765,5.30,EUR,0,0,71
766,6.10,EUR,0,0,71
767,8.10,EUR,0,0,71
768,9.70,EUR,0,0,71
769,8.90,EUR,0,0,71
770,9.30,EUR,0,0,71
771,6.90,EUR,0,0,71
772,9.10,EUR,0,0,71
773,7.70,EUR,0,0,71
774,4.70,EUR,0,0,71
775,5.00,EUR,0,0,289
776,4.40,EUR,0,0,289
777,0.00,EUR,0,0,289
778,2.70,EUR,0,0,289
779,4.90,EUR,0,0,289
780,2.40,EUR,0,0,289
781,3.00,EUR,0,0,289
782,3.30,EUR,0,0,289
783,4.80,EUR,0,0,289
784,3.60,EUR,0,0,289
785,3.90,EUR,0,0,289
786,4.20,EUR,0,0,289
787,10.50,EUR,0,0,82
788,4.60,EUR,0,0,289
789,4.70,EUR,0,0,289
790,3.35,EUR,0,0,25
791,3.45,EUR,0,0,25
792,3.60,EUR,0,0,25
793,3.55,EUR,0,0,25
794,3.80,EUR,0,0,25
795,3.85,EUR,0,0,25
796,3.65,EUR,0,0,25
797,3.75,EUR,0,0,25
798,4.05,EUR,0,0,25
799,4.15,EUR,0,0,25
800,4.25,EUR,0,0,25
801,3.95,EUR,0,0,25
802,3.70,EUR,0,0,25
803,3.90,EUR,0,0,25
804,4.35,EUR,0,0,25
805,4.30,EUR,0,0,25
806,4.20,EUR,0,0,25
807,4.10,EUR,0,0,25
808,4.40,EUR,0,0,25
809,4.45,EUR,0,0,25
810,4.60,EUR,0,0,25
811,4.00,EUR,0,0,25
812,4.55,EUR,0,0,25
813,3.71,EUR,0,0,25
814,4.65,EUR,0,0,25
815,0.00,EUR,0,0,60
816,3.15,EUR,0,0,71
817,0.52,EUR,0,0,25
818,3.00,EUR,0,0,219
819,2.90,EUR,0,0,219
820,2.75,EUR,0,0,219
821,2.95,EUR,0,0,219
822,2.30,EUR,0,0,82
823,1.50,EUR,0,0,82
824,0.44,EUR,0,0,25
825,2.20,EUR,0,0,219
826,1.77,EUR,0,0,60
827,8.30,EUR,0,0,82
828,7.10,EUR,0,0,82
829,7.00,EUR,0,0,82
830,8.90,EUR,0,0,82
831,6.60,EUR,0,0,82
832,5.30,EUR,0,0,82
833,4.60,EUR,0,0,82
834,2.00,EUR,0,0,117
835,2.66,EUR,0,0,60
836,1.34,EUR,0,0,60
837,0.10,EUR,0,0,71
838,1.07,EUR,0,0,60
839,0.80,EUR,0,0,208
840,1.00,EUR,0,0,208
841,2.00,EUR,0,0,208
842,2.20,EUR,0,0,208
843,1.70,EUR,0,0,208
844,1.60,EUR,0,0,208
845,1.10,EUR,0,0,208
846,2.10,EUR,0,0,208
847,1.30,EUR,0,0,208
848,0.90,EUR,0,0,208
849,1.80,EUR,0,0,208
850,2.30,EUR,0,0,208
851,1.90,EUR,0,0,208
852,1.50,EUR,0,0,208
853,2.50,EUR,0,0,208
854,1.40,EUR,0,0,208
855,1.20,EUR,0,0,208
856,2.40,EUR,0,0,208
857,8.35,EUR,0,0,47
858,0.00,EUR,0,0,47
859,5.85,EUR,0,0,47
860,17.00,EUR,0,0,47
861,2.81,EUR,0,0,60
862,1.66,EUR,0,0,60
863,2.61,EUR,0,0,60
864,0.77,EUR,0,0,60
865,1.47,EUR,0,0,60
866,1.81,EUR,0,0,60
867,1.06,EUR,0,0,60
868,2.69,EUR,0,0,60
869,0.67,EUR,0,0,60
870,1.31,EUR,0,0,60
871,1.68,EUR,0,0,60
872,1.41,EUR,0,0,60
873,1.82,EUR,0,0,60
874,1.23,EUR,0,0,60
875,2.16,EUR,0,0,60
876,1.21,EUR,0,0,60
877,2.03,EUR,0,0,60
878,0.66,EUR,0,0,60
879,1.02,EUR,0,0,60
880,1.56,EUR,0,0,60
881,0.10,EUR,0,0,60
882,0.15,EUR,0,0,60
883,0.40,EUR,0,0,60
884,0.20,EUR,0,0,60
885,0.50,EUR,0,0,60
886,0.30,EUR,0,0,60
887,0.25,EUR,0,0,60
